0 1
0 2
0 3
0 4
1 2
1 3
1 4
2 3
2 4
3 4
5 4
5 0
6 0
6 2
7 0
7 3
8 1
8 0
9 0
9 1
10 2
10 9
11 6
11 1
12 2
12 1
13 0
13 11
14 4
14 3
15 6
15 2
16 2
16 1
17 16
17 11
18 0
18 4
19 9
19 16
20 13
20 4
21 0
21 13
22 6
22 0
23 13
23 16
24 2
24 7
25 6
25 3
26 3
26 16
27 3
27 2
28 16
28 23
29 0
29 1
30 13
30 0
31 4
31 1
32 0
32 31
33 3
33 9
34 4
34 27
35 4
35 13
36 9
36 32
37 34
37 3
38 36
38 34
39 9
39 23
40 4
40 3
41 14
41 1
42 34
42 0
43 36
43 0
44 43
44 6
45 1
45 2
46 22
46 45
47 34
47 40
48 25
48 1
49 1
49 34
50 0
50 9
51 20
51 10
52 23
52 13
53 32
53 10
54 3
54 13
55 11
55 2
56 34
56 0
57 13
57 29
58 57
58 25
59 3
59 52
60 22
60 15
61 36
61 33
62 21
62 58
63 34
63 10
64 0
64 34
65 27
65 2
66 25
66 40
67 12
67 39
68 3
68 58
69 42
69 3
70 4
70 3
71 30
71 4
72 50
72 13
73 50
73 3
74 11
74 51
75 53
75 7
76 14
76 0
77 10
77 4
78 9
78 70
79 3
79 4
80 64
80 27
81 2
81 30
82 0
82 1
83 30
83 15
84 10
84 32
85 32
85 28
86 49
86 19
87 77
87 3
88 40
88 2
89 3
89 4
90 85
90 37
91 50
91 23
92 0
92 1
93 3
93 90
94 22
94 67
95 0
95 22
96 32
96 11
97 14
97 45
98 0
98 32
99 93
99 20
100 3
100 2
101 72
101 50
102 92
102 44
103 49
103 35
104 15
104 39
105 2
105 1
106 86
106 1
107 2
107 85
108 3
108 34
109 51
109 2
110 64
110 45
111 3
111 74
112 63
112 62
113 7
113 11
114 13
114 1
115 10
115 4
116 67
116 1
117 2
117 7
118 46
118 23
119 4
119 77
120 11
120 2
121 33
121 61
122 26
122 40
123 48
123 36
124 14
124 15
125 32
125 46
126 45
126 7
127 67
127 32
128 97
128 51
129 61
129 90
130 44
130 52
131 19
131 2
132 92
132 0
133 36
133 0
134 0
134 3
135 111
135 80
136 19
136 22
137 32
137 66
138 2
138 16
139 2
139 36
140 70
140 10
141 72
141 92
142 141
142 137
143 42
143 3
144 7
144 3
145 37
145 61
146 88
146 97
147 104
147 6
148 1
148 77
149 102
149 1
150 146
150 119
151 116
151 0
152 77
152 34
153 0
153 2
154 64
154 13
155 36
155 8
156 3
156 104
157 13
157 28
158 110
158 135
159 57
159 34
160 32
160 9
161 133
161 50
162 23
162 138
163 6
163 70
164 2
164 30
165 70
165 62
166 3
166 1
167 159
167 32
168 10
168 22
169 77
169 11
170 95
170 94
171 162
171 132
172 2
172 137
173 94
173 11
174 134
174 154
175 173
175 3
176 28
176 49
177 49
177 94
178 31
178 144
179 11
179 3
180 49
180 128
181 92
181 3
182 17
182 25
183 16
183 9
184 34
184 33
185 146
185 0
186 23
186 3
187 10
187 1
188 34
188 6
189 27
189 58
190 52
190 135
191 116
191 55
192 27
192 16
193 31
193 0
194 134
194 26
195 110
195 76
196 32
196 3
197 33
197 1
198 66
198 77
199 15
199 3
200 92
200 138
201 143
201 2
202 0
202 34
203 13
203 69
204 124
204 4
205 58
205 92
206 36
206 128
207 94
207 10
208 44
208 33
209 46
209 147
210 92
210 11
211 78
211 66
212 167
212 70
213 13
213 9
214 23
214 61
215 2
215 66
216 41
216 2
217 199
217 137
218 6
218 53
219 182
219 3
220 3
220 151
221 117
221 3
222 86
222 64
223 134
223 13
224 97
224 100
225 137
225 119
226 0
226 102
227 88
227 190
228 13
228 159
229 150
229 70
230 131
230 6
231 164
231 92
232 5
232 36
233 109
233 163
234 0
234 68
235 81
235 86
236 1
236 13
237 85
237 11
238 148
238 160
239 2
239 146
240 231
240 4
241 114
241 3
242 0
242 23
243 216
243 66
244 2
244 13
245 13
245 234
246 7
246 224
247 0
247 30
248 211
248 64
249 119
249 16
250 51
250 0
251 21
251 38
252 135
252 34
253 64
253 61
254 134
254 80
255 220
255 17
256 9
256 0
257 90
257 209
258 170
258 38
259 246
259 251
260 69
260 3
261 37
261 234
262 3
262 171
263 140
263 129
264 53
264 136
265 149
265 152
266 27
266 260
267 222
267 92
268 175
268 12
269 3
269 0
270 58
270 2
271 255
271 171
272 203
272 13
273 23
273 158
274 4
274 219
275 172
275 3
276 29
276 4
277 16
277 211
278 50
278 70
279 0
279 195
280 53
280 6
281 46
281 70
282 101
282 237
283 109
283 11
284 203
284 61
285 3
285 20
286 3
286 4
287 219
287 184
288 32
288 109
289 261
289 245
290 3
290 192
291 0
291 260
292 170
292 13
293 6
293 75
294 11
294 3
295 3
295 195
296 10
296 192
297 81
297 27
298 4
298 11
299 11
299 46
300 74
300 203
301 0
301 70
302 114
302 36
303 164
303 67
304 145
304 67
305 15
305 29
306 190
306 26
307 21
307 2
308 119
308 65
309 206
309 215
310 149
310 56
311 70
311 3
312 305
312 224
313 40
313 4
314 3
314 123
315 13
315 118
316 146
316 196
317 15
317 23
318 80
318 4
319 13
319 3
320 149
320 10
321 240
321 12
322 284
322 6
323 192
323 45
324 295
324 199
325 4
325 14
326 80
326 0
327 2
327 138
328 274
328 227
329 47
329 258
330 87
330 304
331 88
331 3
332 34
332 17
333 3
333 51
334 65
334 219
335 0
335 64
336 64
336 286
337 3
337 13
338 144
338 1
339 3
339 146
340 2
340 0
341 47
341 67
342 190
342 33
343 119
343 61
344 144
344 4
345 112
345 1
346 13
346 3
347 14
347 310
348 28
348 29
349 61
349 30
350 3
350 0
351 10
351 82
352 2
352 4
353 0
353 227
354 217
354 350
355 13
355 11
356 234
356 39
357 299
357 58
358 3
358 259
359 146
359 0
360 39
360 1
361 63
361 92
362 10
362 62
363 347
363 48
364 318
364 175
365 354
365 152
366 39
366 16
367 4
367 7
368 260
368 349
369 128
369 339
370 50
370 158
371 159
371 231
372 0
372 4
373 287
373 13
374 248
374 64
375 116
375 244
376 13
376 211
377 351
377 15
378 33
378 113
379 287
379 2
380 328
380 274
381 40
381 12
382 116
382 4
383 11
383 61
384 29
384 67
385 165
385 287
386 2
386 56
387 178
387 312
388 355
388 146
389 15
389 82
390 66
390 86
391 11
391 15
392 0
392 199
393 16
393 234
394 16
394 61
395 53
395 194
396 371
396 60
397 0
397 32
398 380
398 4
399 3
399 300
400 0
400 58
401 70
401 13
402 3
402 135
403 67
403 98
404 32
404 143
405 2
405 9
406 0
406 67
407 342
407 361
408 278
408 72
409 5
409 181
410 109
410 0
411 260
411 6
412 94
412 371
413 289
413 0
414 44
414 246
415 313
415 300
416 83
416 20
417 17
417 186
418 248
418 66
419 260
419 160
420 251
420 158
421 228
421 0
422 289
422 317
423 318
423 273
424 234
424 64
425 365
425 4
426 219
426 80
427 108
427 144
428 4
428 261
429 32
429 167
430 57
430 310
431 50
431 0
432 80
432 237
433 53
433 100
434 1
434 179
435 16
435 269
436 2
436 4
437 312
437 6
438 380
438 344
439 21
439 150
440 34
440 67
441 135
441 384
442 34
442 234
443 342
443 228
444 3
444 225
445 298
445 1
446 334
446 144
447 368
447 3
448 365
448 70
449 6
449 0
450 149
450 372
451 84
451 80
452 11
452 59
453 248
453 343
454 94
454 158
455 15
455 259
456 34
456 0
457 64
457 89
458 15
458 9
459 432
459 390
460 218
460 4
461 15
461 415
462 189
462 2
463 92
463 257
464 1
464 194
465 13
465 39
466 1
466 293
467 4
467 23
468 53
468 37
469 94
469 179
470 34
470 23
471 92
471 445
472 434
472 360
473 4
473 391
474 250
474 3
475 186
475 149
476 328
476 50
477 23
477 11
478 454
478 427
479 438
479 410
480 124
480 2
481 241
481 317
482 437
482 202
483 248
483 228
484 30
484 209
485 14
485 187
486 160
486 2
487 207
487 338
488 47
488 2
489 214
489 454
490 210
490 65
491 3
491 74
492 27
492 13
493 16
493 9
494 429
494 206
495 178
495 11
496 3
496 29
497 188
497 3
498 7
498 0
499 363
499 28
500 16
500 50
501 388
501 170
502 12
502 0
503 47
503 477
504 76
504 11
505 344
505 3
506 384
506 33
507 34
507 3
508 426
508 125
509 1
509 206
510 6
510 283
511 11
511 104
512 227
512 52
513 4
513 6
514 32
514 483
515 359
515 23
516 417
516 136
517 4
517 237
518 3
518 128
519 21
519 3
520 2
520 107
521 368
521 100
522 47
522 3
523 37
523 46
524 3
524 275
525 0
525 37
526 10
526 306
527 100
527 39
528 432
528 3
529 70
529 81
530 190
530 198
531 201
531 2
532 0
532 29
533 442
533 144
534 275
534 211
535 259
535 12
536 66
536 3
537 273
537 11
538 36
538 260
539 306
539 10
540 10
540 6
541 21
541 40
542 10
542 33
543 311
543 15
544 248
544 13
545 349
545 185
546 12
546 217
547 37
547 313
548 319
548 124
549 3
549 301
550 78
550 57
551 267
551 343
552 251
552 12
553 363
553 15
554 285
554 409
555 452
555 109
556 194
556 132
557 13
557 530
558 372
558 36
559 2
559 58
560 461
560 148
561 76
561 121
562 223
562 156
563 548
563 2
564 37
564 191
565 175
565 223
566 25
566 104
567 318
567 16
568 335
568 48
569 4
569 181
570 56
570 65
571 140
571 66
572 1
572 0
573 94
573 116
574 537
574 20
575 358
575 37
576 383
576 378
577 100
577 2
578 317
578 260
579 119
579 350
580 0
580 204
581 201
581 130
582 13
582 300
583 0
583 61
584 38
584 128
585 299
585 203
586 0
586 470
587 13
587 489
588 92
588 66
589 3
589 498
590 32
590 67
591 53
591 2
592 387
592 414
593 453
593 498
594 65
594 0
595 543
595 128
596 407
596 287
597 194
597 417
598 12
598 246
599 1
599 363
600 90
600 2
601 488
601 58
602 2
602 133
603 363
603 50
604 57
604 0
605 0
605 176
606 38
606 341
607 94
607 203
608 390
608 403
609 278
609 3
610 181
610 233
611 522
611 133
612 27
612 259
613 490
613 61
614 41
614 66
615 167
615 39
616 64
616 2
617 94
617 90
618 199
618 179
619 258
619 128
620 439
620 4
621 466
621 46
622 66
622 58
623 271
623 51
624 3
624 205
625 178
625 37
626 216
626 38
627 124
627 413
628 196
628 251
629 131
629 537
630 47
630 40
631 460
631 166
632 144
632 1
633 27
633 248
634 75
634 294
635 221
635 6
636 14
636 264
637 84
637 485
638 200
638 2
639 605
639 93
640 548
640 37
641 409
641 443
642 318
642 595
643 149
643 13
644 16
644 179
645 228
645 262
646 165
646 383
647 4
647 38
648 460
648 227
649 131
649 2
650 4
650 103
651 257
651 479
652 3
652 240
653 146
653 351
654 29
654 66
655 28
655 116
656 511
656 164
657 495
657 170
658 204
658 3
659 129
659 294
660 157
660 308
661 206
661 21
662 129
662 212
663 267
663 3
664 65
664 214
665 92
665 353
666 118
666 508
667 353
667 122
668 67
668 323
669 6
669 14
670 310
670 49
671 4
671 251
672 313
672 347
673 250
673 439
674 1
674 195
675 643
675 330
676 67
676 6
677 31
677 470
678 102
678 439
679 157
679 104
680 642
680 658
681 9
681 61
682 185
682 227
683 165
683 104
684 416
684 61
685 66
685 65
686 205
686 0
687 570
687 667
688 302
688 208
689 0
689 485
690 4
690 303
691 408
691 170
692 27
692 202
693 12
693 98
694 114
694 484
695 491
695 100
696 196
696 368
697 126
697 436
698 250
698 668
699 396
699 285
700 16
700 609
701 250
701 46
702 361
702 432
703 485
703 318
704 639
704 70
705 461
705 480
706 630
706 246
707 92
707 31
708 16
708 273
709 75
709 82
710 15
710 211
711 6
711 53
712 16
712 155
713 646
713 560
714 351
714 244
715 30
715 2
716 101
716 3
717 211
717 120
718 32
718 252
719 266
719 3
720 509
720 508
721 59
721 307
722 339
722 488
723 0
723 32
724 0
724 213
725 0
725 160
726 602
726 420
727 208
727 601
728 61
728 227
729 225
729 34
730 43
730 210
731 146
731 0
732 7
732 0
733 156
733 690
734 82
734 542
735 84
735 70
736 295
736 594
737 107
737 349
738 490
738 265
739 203
739 430
740 62
740 227
741 418
741 23
742 363
742 3
743 131
743 3
744 72
744 134
745 3
745 84
746 124
746 693
747 32
747 503
748 614
748 683
749 104
749 194
750 2
750 28
751 188
751 81
752 726
752 67
753 339
753 752
754 3
754 497
755 14
755 503
756 141
756 16
757 57
757 16
758 4
758 425
759 38
759 0
760 322
760 299
761 83
761 636
762 340
762 107
763 342
763 78
764 683
764 460
765 581
765 237
766 17
766 351
767 329
767 280
768 10
768 347
769 4
769 78
770 9
770 1
771 202
771 260
772 176
772 371
773 3
773 0
774 3
774 32
775 11
775 62
776 199
776 1
777 346
777 137
778 109
778 281
779 181
779 495
780 2
780 348
781 23
781 440
782 3
782 331
783 211
783 532
784 502
784 658
785 26
785 160
786 51
786 709
787 54
787 444
788 179
788 675
789 95
789 81
790 265
790 348
791 0
791 85
792 561
792 759
793 518
793 170
794 336
794 14
795 562
795 271
796 390
796 111
797 527
797 86
798 603
798 551
799 662
799 0
800 200
800 786
801 775
801 98
802 2
802 141
803 348
803 119
804 0
804 588
805 490
805 514
806 21
806 32
807 65
807 211
808 569
808 586
809 4
809 99
810 489
810 486
811 792
811 85
812 598
812 430
813 354
813 777
814 102
814 229
815 314
815 629
816 12
816 39
817 19
817 169
818 504
818 211
819 776
819 6
820 689
820 23
821 64
821 813
822 195
822 518
823 138
823 539
824 148
824 172
825 3
825 625
826 620
826 353
827 92
827 231
828 3
828 508
829 745
829 29
830 340
830 64
831 651
831 728
832 273
832 163
833 739
833 31
834 615
834 151
835 527
835 40
836 351
836 789
837 78
837 1
838 4
838 37
839 3
839 70
840 4
840 0
841 0
841 318
842 420
842 592
843 236
843 1
844 483
844 65
845 39
845 186
846 431
846 2
847 518
847 282
848 4
848 50
849 761
849 522
850 17
850 692
851 467
851 213
852 171
852 829
853 414
853 97
854 780
854 331
855 34
855 289
856 184
856 103
857 293
857 459
858 381
858 3
859 61
859 30
860 44
860 37
861 83
861 351
862 237
862 15
863 2
863 4
864 64
864 92
865 287
865 304
866 40
866 656
867 85
867 217
868 177
868 714
869 2
869 40
870 470
870 468
871 482
871 32
872 225
872 521
873 2
873 33
874 798
874 3
875 338
875 2
876 236
876 237
877 260
877 643
878 394
878 193
879 72
879 771
880 4
880 76
881 853
881 0
882 131
882 478
883 33
883 280
884 23
884 540
885 39
885 561
886 810
886 32
887 66
887 591
888 34
888 821
889 351
889 259
890 3
890 219
891 371
891 28
892 76
892 591
893 194
893 250
894 126
894 218
895 423
895 32
896 551
896 9
897 3
897 268
898 4
898 594
899 126
899 23
900 867
900 872
901 61
901 2
902 6
902 191
903 200
903 26
904 2
904 3
905 3
905 463
906 351
906 3
907 9
907 70
908 27
908 2
909 94
909 310
910 543
910 248
911 206
911 36
912 48
912 84
913 190
913 39
914 304
914 44
915 70
915 235
916 287
916 23
917 531
917 304
918 457
918 573
919 814
919 37
920 28
920 298
921 912
921 411
922 315
922 75
923 149
923 265
924 763
924 267
925 76
925 480
926 149
926 485
927 34
927 493
928 601
928 313
929 16
929 553
930 522
930 26
931 612
931 74
932 9
932 855
933 557
933 616
934 563
934 173
935 3
935 889
936 11
936 97
937 573
937 311
938 911
938 587
939 219
939 66
940 906
940 387
941 150
941 27
942 29
942 43
943 634
943 140
944 3
944 801
945 591
945 464
946 467
946 918
947 7
947 313
948 80
948 107
949 348
949 449
950 365
950 474
951 889
951 570
952 352
952 768
953 923
953 16
954 329
954 533
955 170
955 642
956 2
956 360
957 3
957 250
958 786
958 31
959 342
959 53
960 330
960 482
961 298
961 97
962 2
962 244
963 668
963 85
964 2
964 16
965 842
965 32
966 61
966 590
967 388
967 392
968 872
968 37
969 66
969 0
970 768
970 12
971 3
971 379
972 837
972 74
973 597
973 156
974 85
974 673
975 677
975 256
976 566
976 132
977 250
977 3
978 3
978 32
979 16
979 945
980 44
980 39
981 61
981 328
982 109
982 77
983 509
983 361
984 33
984 494
985 3
985 391
986 452
986 169
987 8
987 11
988 234
988 338
989 387
989 890
990 662
990 467
991 750
991 0
992 90
992 710
993 22
993 87
994 683
994 110
995 84
995 36
996 486
996 855
997 363
997 346
998 866
998 90
999 3
999 363
